0.02661
0.02429
0.02535
0.02504
0.02781
0.02528
0.02709
0.03010
0.02861
0.02523
0.02541
0.02701
0.02278
0.02438
0.02708
0.02585
0.02995
0.02487
0.02402
0.02433
0.02613
0.02578
0.03054
0.02531
0.02621
0.02786
0.02589
0.02721
0.02689
0.02777
0.02330
0.02771
0.02582
0.02647
0.02533
0.02940
0.02203
0.02888
0.02475
0.02914
0.02853
0.02812
0.02775
0.03061
0.02492
0.02494
0.02479
0.02794
0.02351
0.02811
0.02553
0.02398
0.02396
0.02451
0.02314
0.02712
0.02780
0.02801
0.02485
0.02671
0.02611
0.02748
0.02699
0.02628
0.02240
0.02577
0.02632
0.02472
0.02556
0.02351
0.02546
0.02711
0.03026
0.02408
0.02605
0.02419
0.02592
0.02565
0.02776
0.02804
0.02642
0.02587
0.02846
0.02646
0.02912
0.02285
0.02965
0.02487
0.02394
0.02601
0.02378
0.02723
0.02518
0.02667
0.02416
0.02566
0.02629
0.02573
0.02927
0.02727
0.02651
0.02241
0.02685
0.02856
0.02473
0.02571
0.02008
0.02362
0.02195
0.02631
0.02580
0.02589
0.02523
0.02813
0.02365
0.02595
0.02729
0.02574
0.02592
0.02446
0.02543
0.02753
0.02208
0.02579
0.02494
0.02596
0.02963
0.02521
0.02906
0.02829
0.02616
0.02627
0.02646
0.02446
0.02735
0.02488
0.02617
0.02173
0.02438
0.02716
0.02386
0.02676
0.02509
0.02807
0.02860
0.02645
0.02607
0.02618
0.02606
0.02847
0.03108
0.02345
0.02405
0.02881
0.02383
0.02337
0.03031
0.02555
0.02560
0.02509
0.02726
0.02385
0.02963
0.02760
0.02600
0.02500
0.02632
0.02818
0.03131
0.02910
0.02812
0.02619
0.02855
0.02541
0.02676
0.02843
0.02731
0.02478
0.02305
0.02710
0.02637
0.02795
0.02622
0.02534
0.02820
0.02808
0.02190
0.02308
0.02636
0.02597
0.02573
0.02774
0.03011
0.02405
0.02597
0.02605
0.02651
0.02366
0.02703
0.02617
0.03016
0.02687
0.02471
0.02312
0.02591
0.02461
0.02526
0.02679
0.02657
0.02649
0.02887
0.02691
0.03150
0.02642
0.02529
0.02312
0.02348
0.02790
0.02739
0.02592
0.02565
0.02433
0.02577
0.02635
0.02208
0.02754
0.02207
0.02677
0.02601
0.02668
0.02481
0.02947
0.02753
0.02736
0.02574
0.02595
0.02786
0.02869
0.02889
0.02601
0.02621
0.02676
0.02558
0.02469
0.02643
0.02704
0.02714
0.02595
0.02479
0.02709
0.02690
0.02427
0.02799
0.02761
0.02602
0.02360
0.02368
0.02696
0.02505
0.02555
0.02385
0.02774
0.02234
0.02601
0.02681
0.02732
0.02706
0.02367
0.02528
0.02462
0.02377
0.02260
0.02705
0.02845
0.02496
0.02763
0.02717
0.02430
0.02587
0.02618
0.02757
0.02632
0.02263
0.02974
0.02687
0.02412
0.02304
0.02437
0.02540
0.02475
0.02515
0.02407
0.02721
0.02401
0.02717
0.02745
0.02311
0.02516
0.02791
0.02641
0.02782
0.02826
0.02386
0.02523
0.02668
0.02554
0.02676
0.02901
0.02569
0.02652
0.02583
0.02199
0.02442
0.02566
0.02516
0.02766
0.02823
0.02470
0.02820
0.02503
0.02668
0.02529
0.02339
0.02452
0.02279
0.02769
0.02878
0.02789
0.02547
0.02748
0.02220
0.02814
0.02978
0.02742
0.02508
0.02776
0.02621
0.02402
0.02339
0.02564
0.02614
0.02096
0.03189
0.02521
0.02868
0.02615
0.02862
0.03051
0.02501
0.02541
0.02728
0.02805
0.02653
0.02577
0.02331
0.02627
0.02405
0.02610
0.02851
0.02686
0.02679
0.02301
0.02705
0.02503
0.02223
0.02873
0.02559
0.02618
0.02704
0.02860
0.02460
0.02900
0.02601
0.02450
0.02632
0.02483
0.02589
0.02909
0.02234
0.02623
0.02607
0.02547
0.02517
0.02745
0.02489
0.02034
0.02310
0.02548
0.02790
0.02720
0.02180
0.02720
0.02631
0.02505
0.02508
0.02727
0.02668
0.02409
0.02393
0.02632
0.02979
0.02819
0.02728
0.02398
0.02448
0.02742
0.02769
0.02449
0.02577
0.02443
0.02495
0.02810
0.02554
0.02425
0.02314
0.02581
0.02548
0.02897
0.02440
0.02419
0.02735
0.02653
0.02609
0.02642
0.02518
0.02625
0.02762
0.02387
0.02787
0.02823
0.02507
0.03186
0.02985
0.02271
0.02813
0.02760
0.02395
0.02712
0.02516
0.02788
0.02417
0.02413
0.02986
0.02618
0.02764
0.02807
0.02584
0.02527
0.02712
0.02966
0.02642
0.02695
0.02574
0.02679
0.02511
0.02684
0.02807
0.02897
0.02798
0.02703
0.03005
0.02599
0.02576
0.02248
0.02676
0.02746
0.02834
0.02590
0.03074
0.02788
0.02400
0.02690
0.02609
0.02878
0.02621
0.02446
0.02675
0.02504
0.02263
0.02444
0.02642
0.02503
0.02871
0.02348
0.02457
0.02412
0.02644
0.02886
0.02615
0.02572
0.02860
0.03072
0.02690
0.02226
0.02361
0.02719
0.02686
0.02186
0.02713
0.02738
0.02343
0.02936
0.02645
0.02722
0.02502
0.02951
0.03079
0.02650
0.02915
0.02392
0.02625
0.02428
0.02581
0.02432
0.02556
0.02746
0.02289
0.02365
0.02534
0.02737
0.02963
0.02538
0.02602
0.02521
0.02493
0.02641
0.02519
0.02770
0.02572
0.02734
0.02827
0.02760
0.02464
0.02701
0.02753
0.02573
0.02909
0.02583
0.02509
0.02489
0.02669
0.02757
0.02572
0.02820
0.03000
0.02451
0.02750
0.02895
0.02503
0.02366
0.02731
0.02695
0.02480
0.02719
0.02682
0.02580
0.02730
0.02557
0.02726
0.02114
0.02522
0.02625
0.02384
0.02561
0.02490
0.02620
0.02352
0.02349
0.02387
0.02410
0.02383
0.02593
0.02982
0.02781
0.02290
0.02861
0.02742
0.02587
0.02388
0.02931
0.02417
0.02544
0.02944
0.02673
0.02755
0.02610
0.02579
0.02636
0.02877
0.02618
0.02743
0.02356
0.02716
0.02683
0.02637
0.02850
0.02912
0.02822
0.02644
0.02660
0.02659
0.02799
0.02414
0.02290
0.02837
0.02312
0.02201
0.02907
0.02490
0.02273
0.02828
0.02598
0.02545
0.02571
0.02604
0.02680
0.02498
0.02652
0.02609
0.02131
0.02320
0.02406
0.02564
0.02693
0.02974
0.02365
0.02663
0.02713
0.02810
0.02568
0.02673
0.02658
0.02736
0.02722
0.02021
0.02554
0.02663
0.02283
0.02899
0.02530
0.02832
0.02392
0.02586
0.02621
0.02505
0.02447
0.02700
0.02660
0.02544
0.02818
0.02703
0.02536
0.02315
0.02807
0.02624
0.02431
0.02270
0.02929
0.02646
0.02447
0.02558
0.02232
0.02804
0.02647
0.02775
0.02263
0.02675
0.02535
0.02718
0.02627
0.02544
0.02439
0.02509
0.02339
0.02577
0.02999
0.02783
0.02801
0.02676
0.02739
0.02601
0.02407
0.02434
0.02827
0.02489
0.02600
0.02774
0.02528
0.02701
0.02401
0.02542
0.02499
0.02737
0.02719
0.02711
0.02599
0.02708
0.02481
0.02526
0.02748
0.02586
0.02441
0.02609
0.02890
0.02559
0.02613
0.02761
0.02835
0.02688
0.02537
0.02781
0.02482
0.03026
0.02453
0.02771
0.02436
0.02870
0.02132
0.02463
0.02249
0.02385
0.02705
0.02962
0.02450
0.02557
0.02833
0.02557
0.02640
0.02208
0.02719
0.02371
0.02573
0.02602
0.02369
0.02804
0.02686
0.02648
0.02681
0.02418
0.02262
0.02892
0.02741
0.03018
0.02577
0.02445
0.02517
0.02497
0.02589
0.02347
0.02319
0.02577
0.02689
0.02554
0.02825
0.02623
0.02519
0.02652
0.02665
0.02938
0.02338
0.02770
0.02282
0.02171
0.02288
0.02702
0.02726
0.02823
0.02234
0.02427
0.02394
0.02410
0.02458
0.02439
0.02742
0.02553
0.02544
0.02530
0.02701
0.02713
0.02801
0.02677
0.02789
0.02974
0.02628
0.02409
0.02301
0.02407
0.02621
0.02965
0.02519
0.02982
0.02627
0.02392
0.02445
0.02538
0.02616
0.02537
0.02612
0.02925
0.02827
0.02580
0.02204
0.02663
0.02659
0.02804
0.02610
0.02351
0.02594
0.02664
0.02355
0.02495
0.02387
0.02971
0.02402
0.02490
0.02652
0.02515
0.02627
0.02561
0.02642
0.02771
0.02677
0.02767
0.02603
0.02614
0.02498
0.02501
0.02477
0.02711
0.02798
0.02731
0.02756
0.02628
0.02508
0.02858
0.02647
0.02195
0.02573
0.02519
0.02584
0.02274
0.02689
0.02515
0.02854
0.02241
0.02843
0.02536
0.02702
0.02436
0.02688
0.02346
0.02707
0.02444
0.02298
0.02673
0.02721
0.02563
0.02752
0.02932
0.02819
0.02394
0.02192
0.02484
0.02369
0.02842
0.02516
0.02394
0.02822
0.02670
0.02520
0.03008
0.02694
0.02332
0.02311
0.02443
0.02823
0.02939
0.02599
0.02497
0.02751
0.02883
0.02275
0.02535
0.02739
0.02796
0.02526
0.02683
0.02896
0.02136
0.02740
0.02914
0.02480
0.02466
0.02391
0.02600
0.02733
0.02427
0.02736
0.02894
0.02858
0.03020
0.02701
0.02647
0.02833
0.02389
0.02396
0.02498
0.02376
0.02764
0.02644
0.02506
0.02213
0.02405
0.02901
0.03001
0.02961
0.02662
0.02372
0.02475
0.02760
0.03073
0.02768
0.02610
0.02638
0.02365
0.02327
0.02475
0.02584
0.02402
0.02951
0.02445
0.02569
0.02438
0.02380
0.02453
0.02937
0.02725
0.02610
0.02562
0.02853
0.02665
0.02553
0.02696
0.02418
0.02527
0.02877
0.02997
0.02401
0.02572
0.02650
0.02581
0.02813
0.02393
0.02681
0.02781
0.02969
0.02353
0.02586
0.02671
0.02570
0.02416
0.02331
0.02795
0.02725
0.02856
0.02430
0.02501
0.02956
0.02792
0.02767
0.02735
0.02224
0.02840
0.02270
0.02476
0.02674
0.02648
0.02523
0.02605
0.02589
0.02719
0.02705
0.02643
0.02702
0.02664
0.02670
0.02700
0.02581
0.02586
0.02813
0.02485
0.02386
0.02722
0.02708
0.02829
0.02626
0.02655
0.02560
0.02319
0.02571
0.02769
0.02653
0.02809
0.02737
0.02581
0.03077
0.02934
0.02530
0.02596
0.02912
0.03004
0.02968
0.02367
0.02705
0.02938
0.02618
0.02943
0.02615
0.02723
0.02529
0.02530
0.02482
0.02621
0.02460
0.02903
0.02555
0.02679
0.02567
0.02866
0.02655
0.02764
0.02666
0.02896
0.02598
0.02261
0.02697
0.02673
0.02568
0.02550
0.02613
0.02634
0.02806
0.02568
0.02777
0.02253
0.02670
0.02317
0.02765
0.03112
0.02390
0.02907
0.02465
0.02606
0.02782
0.02449
0.02631
0.02403
0.02830
0.02549
0.02517
0.02533
0.02432
0.02573
0.02212
0.02985
0.02756
0.02618
0.02293
0.02721
0.02676
0.02412
0.02618
0.02559
0.02065
0.02642
0.02761
0.02374
0.02529
0.02622
0.02450
0.02648
0.02773
0.02605
0.02574
0.02421
0.02549
0.02480
0.02985
0.02724
0.02907
0.02892
0.02361
0.02968
0.02592
0.02715
0.02487
0.02600
0.02367
0.02794
0.02603
0.02662
0.02472
0.02609
0.02586
0.02536
0.02347
0.02627
0.02841
0.02528
0.02994
0.02650
0.02807
0.02724
0.02483
0.02695
0.02534
0.02667
0.02759
0.02464
0.02846
0.02532
0.02417
0.02624
0.02410
0.02388
0.02363
0.03046
0.02766
0.02713
0.02718
0.02733
0.02847
0.02669
0.02645
0.02370
0.02465
0.02690
0.02344
0.02776
0.02603
0.02541
0.02935
0.02434
0.02623
0.02534
0.02947
0.02459
0.02605
0.02499
0.02715
0.02775
0.02323
0.02529
0.02658
0.02715
0.02541
0.02614
0.02774
0.02801
0.02166
0.02586
0.02515
0.02650
0.02738
0.02456
0.02552
0.02636
0.02724
0.02465
0.02602
0.02376
0.02609
0.02625
0.02368
0.02815
0.02732
0.02427
0.02662
0.02662
0.02249
0.02521
0.02667
0.02309
0.02507
0.02726
0.02690
0.02349
0.02829
0.02717
0.02730
0.03067
0.02570
0.02806
0.02309
0.02731
0.03081
0.02762
0.02536
0.02296
0.02519
0.02693
0.02219
0.02654
0.02510
0.02444
0.02675
0.02497
0.02492
0.02506
0.02397
0.02673
0.02251
0.02646
0.02728
0.02806
0.02695
0.02857
0.02362
0.02545
0.02451
0.02245
0.02705
0.02768
0.02599
0.02841
0.02567
0.02526
0.02718
0.02680
0.02798
0.02474
0.02319
0.02429
0.02406
0.02682
0.02760
0.02809
0.02448
0.02533
0.02470
0.02687
0.02649
0.02678
0.02449
0.02403
0.02560
0.02396
0.02923
0.02703
0.02365
0.02833
0.02559
0.02625
0.02808
0.02696
0.02511
0.02696
0.02304
0.02343
0.02725
0.02594
0.02418
0.02630
0.02697
0.02406
0.02806
0.02832
0.02721
0.02377
0.02650
0.02811
0.02477
0.02454
0.02403
0.02436
0.02491
0.02722
0.02821
0.02344
0.02717
0.02748
0.02745
0.02820
0.02370
0.02401
0.02808
0.02813
0.02273
0.02438
0.02781
0.02607
0.02773
0.02630
0.02740
0.02389
0.02462
0.02479
0.02683
0.02741
0.02660
0.02527
0.02614
0.02568
0.02619
0.02683
0.02655
0.02592
0.02350
0.02430
0.02547
0.02309
0.02813
0.02661
0.02966
0.02793
0.02671
0.02743
0.02869
0.02525
0.02669
0.02600
0.02645
0.02657
0.02673
0.02797
0.02959
0.02553
0.02424
0.02525
0.02791
0.02593
0.02340
0.02703
0.02543
0.02524
0.02567
0.02447
0.02555
0.02738
0.03010
0.02947
0.02294
0.02610
0.02782
0.02802
0.02537
0.02497
0.02895
0.02847
0.02478
0.02708
0.02665
0.02600
0.02774
0.02693
0.02389
0.02316
0.02810
0.02500
0.02739
0.02667
0.03073
0.02546
0.02725
0.02762
0.02592
0.02655
0.02536
0.02552
0.02596
0.02714
0.02810
0.02365
0.02793
0.02709
0.02796
0.02430
0.02400
0.02589
0.02455
0.02545
0.02585
0.02933
0.02787
0.02683
0.02295
0.02974
0.02213
0.02510
0.02745
0.03080
0.02734
0.02530
0.02411
0.02956
0.02518
0.02986
0.02759
0.02656
0.02739
0.02844
0.03043
0.02444
0.03146
0.02317
0.02921
0.02656
0.02724
0.02712
0.02764
0.02920
0.02744
0.02999
0.02762
0.02193
0.02511
0.02678
0.02706
0.02649
0.02736
0.02976
0.02863
0.03160
0.02802
0.02602
0.02890
0.02875
0.03100
0.02770
0.03151
0.02551
0.02787
0.02907
0.03468
0.03076
0.02530
0.03034
0.03277
0.02755
0.02967
0.03431
0.03334
0.02720
0.02734
0.03251
0.03174
0.02596
0.03044
0.03277
0.03532
0.02663
0.02724
0.03307
0.02633
0.02864
0.02853
0.02720
0.02702
0.02655
0.02817
0.02769
0.02709
0.02508
0.03301
0.03016
0.02960
0.03115
0.02651
0.02892
0.03253
0.03236
0.02828
0.03095
0.02871
0.03018
0.02924
0.02305
0.03295
0.03044
0.02711
0.02824
0.02865
0.03105
0.03174
0.03158
0.03086
0.02617
0.03064
0.02994
0.02856
0.02859
0.03107
0.03075
0.02885
0.02419
0.02465
0.02523
0.02873
0.02988
0.03058
0.03240
0.02996
0.02502
0.03231
0.03409
0.03152
0.03050
0.03288
0.02757
0.03123
0.02952
0.02848
0.02261
0.02591
0.03003
0.03107
0.02830
0.03037
0.02810
0.02834
0.02715
0.02863
0.03027
0.03055
0.03021
0.02765
0.02773
0.02871
0.02717
0.02747
0.02944
0.02754
0.02842
0.02655
0.03002
0.02935
0.02980
0.02746
0.03164
0.02958
0.02957
0.03070
0.03398
0.02403
0.02940
0.02790
0.02669
0.02487
0.03400
0.02894
0.03226
0.03084
0.02653
0.02949
0.02991
0.02986
0.03065
0.02541
0.03142
0.03040
0.02848
0.03209
0.03076
0.02907
0.03180
0.02913
0.03125
0.03103
0.02456
0.03329
0.03113
0.03073
0.02779
0.03135
0.02348
0.02848
0.02841
0.03083
0.02592
0.02896
0.02881
0.02797
0.02675
0.02932
0.02618
0.02815
0.02419
0.02600
0.02711
0.03060
0.02699
0.02643
0.02794
0.03097
0.03290
0.02942
0.02559
0.02542
0.02816
0.02405
0.02928
0.03027
0.02416
0.02771
0.02868
0.03092
0.03016
0.02641
0.03266
0.02637
0.02964
0.02894
0.03019
0.02955
0.03226
0.02766
0.02621
0.03313
0.03043
0.02594
0.02398
0.03081
0.02735
0.03436
0.03039
0.02940
0.03126
0.03291
0.02582
0.02621
0.02750
0.03041
0.02593
0.02889
0.02409
0.02932
0.02976
0.02677
0.02874
0.03053
0.02658
0.03021
0.03225
0.03215
0.02614
0.02894
0.02777
0.02859
0.03105
0.02112
0.02692
0.02740
0.03055
0.03385
0.03012
0.03151
0.03024
0.03172
0.02866
0.02950
0.03269
0.03214
0.03302
0.02832
0.02735
0.02954
0.02500
0.02352
0.03006
0.03068
0.02827
0.02458
0.03314
0.02593
0.03141
0.02900
0.02855
0.03202
0.02949
0.03351
0.02352
0.02861
0.02953
0.02875
0.03262
0.03162
0.02928
0.02619
0.03036
0.02880
0.02575
0.02571
0.03084
0.02674
0.03158
0.02955
0.02718
0.02790
0.03240
0.02257
0.02930
0.02944
0.03336
0.02643
0.03002
0.03031
0.02654
0.02624
0.02778
0.03099
0.02908
0.02830
0.02969
0.03055
0.03170
0.02740
0.02848
0.03029
0.03238
0.03231
0.03544
0.02617
0.03069
0.02453
0.02834
0.03068
0.03080
0.02688
0.02785
0.02837
0.02989
0.02587
0.03188
0.02518
0.02745
0.02990
0.02915
0.02560
0.03091
0.03358
0.03630
0.02721
0.02934
0.03122
0.02548
0.02865
0.03309
0.02681
0.02606
0.02995
0.02855
0.02659
0.02900
0.02789
0.02378
0.02556
0.02662
0.03100
0.02781
0.03114
0.02859
0.02721
0.02883
0.03088
0.02810
0.02868
0.02646
0.02722
0.02608
0.03106
0.02952
0.02867
0.02667
0.03168
0.03057
0.03123
0.03193
0.02652
0.02885
0.02812
0.03289
0.02771
0.02939
0.02918
0.02536
0.02587
0.02718
0.02671
0.03112
0.02587
0.03005
0.03151
0.02728
0.02852
0.03335
0.03001
0.03156
0.02732
0.02971
0.02904
0.02812
0.02609
0.02773
0.02953
0.03067
0.02939
0.02724
0.03066
0.02800
0.03163
0.03048
0.02935
0.02897
0.02934
0.02973
0.02956
0.02684
0.03090
0.02976
0.02883
0.02699
0.02660
0.02950
0.02869
0.02664
0.02973
0.02932
0.03134
0.02666
0.03046
0.02709
0.03255
0.03104
0.02823
0.02810
0.02685
0.03272
0.03341
0.02284
0.03155
0.02678
0.03034
0.02878
0.02726
0.02865
0.03021
0.03000
0.03011
0.02450
0.03251
0.03067
0.02890
0.02840
0.03342
0.02738
0.03019
0.02615
0.03040
0.02426
0.02683
0.03061
0.03002
0.03054
0.03096
0.02646
0.03024
0.03188
0.03090
0.02941
0.02654
0.02976
0.02666
0.03054
0.02593
0.02684
0.02773
0.03165
0.02538
0.02601
0.02820
0.03056
0.03505
0.02743
0.03029
0.02676
0.02339
0.02874
0.02483
0.03075
0.03061
0.02764
0.03290
0.02610
0.02810
0.02520
0.02844
0.02801
0.02893
0.02495
0.03223
0.03164
0.02932
0.02694
0.02999
0.02703
0.03096
0.02403
0.02893
0.02811
0.02991
0.02768
0.02510
0.02490
0.02940
0.02803
0.03033
0.02997
0.03246
0.03186
0.02910
0.02481
0.02634
0.03144
0.02777
0.02607
0.02724
0.02772
0.03159
0.02975
0.02563
0.03202
0.02644
0.03011
0.02863
0.03000
0.02590
0.02848
0.02836
0.02981
0.03047
0.02439
0.02762
0.02980
0.02542
0.02669
0.02982
0.03006
0.02897
0.02901
0.02953
0.02859
0.02893
0.02965
0.02807
0.02937
0.03228
0.02373
0.03070
0.02454
0.02604
0.03278
0.02751
0.02928
0.02990
0.03031
0.02523
0.02859
0.02720
0.02988
0.02915
0.03191
0.02750
0.02950
0.02704
0.03001
0.03129
0.02789
0.02416
0.02939
0.02395
0.02931
0.02780
0.02952
0.03120
0.02652
0.02457
0.02906
0.03337
0.02607
0.02549
0.02779
0.02668
0.02925
0.02897
0.02574
0.03357
0.02620
0.02849
0.02887
0.03010
0.02734
0.02745
0.02850
0.03224
0.02854
0.03116
0.02648
0.02969
0.02933
0.02953
0.03413
0.03046
0.02800
0.02540
0.03087
0.03115
0.02752
0.02401
0.03136
0.02880
0.02957
0.02580
0.02915
0.02885
0.03004
0.02656
0.03218
0.02668
0.02949
0.02731
0.02754
0.02627
0.02975
0.02990
0.02891
0.03069
0.03011
0.02844
0.03155
0.02856
0.03087
0.02817
0.02814
0.03188
0.02647
0.02749
0.02409
0.02681
0.02638
0.02683
0.02838
0.02756
0.03103
0.03412
0.02708
0.03114
0.02925
0.02720
0.02825
0.02691
0.02737
0.03364
0.03026
0.02597
0.02743
0.02955
0.02590
0.02779
0.02850
0.03106
0.02950
0.03364
0.02278
0.02551
0.02827
0.02889
0.02653
0.02633
0.03040
0.02960
0.03079
0.03197
0.02823
0.02675
0.02934
0.03115
0.02977
0.02489
0.02802
0.02749
0.02726
0.02506
0.02952
0.03158
0.02939
0.02660
0.03149
0.02710
0.02851
0.03062
0.02893
0.02817
0.02878
0.02855
0.02776
0.03123
0.02839
0.02746
0.02822
0.03129
0.02734
0.02942
0.03036
0.02785
0.02736
0.02705
0.02823
0.02892
0.03167
0.02871
0.03112
0.02988
0.02770
0.03078
0.02762
0.02918
0.02932
0.02887
0.02794
0.03209
0.03048
0.03107
0.02624
0.03036
0.02825
0.03056
0.03470
0.02907
0.02899
0.02490
0.03194
0.02563
0.02550
0.03035
0.02583
0.03078
0.02653
0.02824
0.03208
0.02916
0.02646
0.03071
0.02639
0.03150
0.03195
0.02888
0.02706
0.02891
0.02599
0.03114
0.02665
0.02802
0.03065
0.02691
0.03182
0.02746
0.02868
0.02637
0.03123
0.03053
0.02803
0.02845
0.03175
0.02982
0.02959
0.03067
0.02987
0.02920
0.02927
0.02434
0.02713
0.02184
0.03053
0.02741
0.03148
0.02442
0.02709
0.02767
0.03080
0.02964
0.03203
0.03095
0.02543
0.03370
0.03263
0.03061
0.02852
0.02640
0.02260
0.02536
0.02279
0.02950
0.03263
0.03017
0.02877
0.02795
0.03192
0.02821
0.03108
0.02869
0.03008
0.02565
0.03034
0.03052
0.02881
0.03068
0.02711
0.02861
0.02967
0.03244
0.02830
0.02991
0.02898
0.02420
0.02953
0.02876
0.02981
0.02919
0.03054
0.02545
0.02530
0.02625
0.02765
0.02871
0.03354
0.02917
0.02560
0.02782
0.03005
0.02916
0.02725
0.02849
0.02973
0.02866
0.03300
0.03037
0.02906
0.03185
0.03300
0.02996
0.02875
0.02718
0.02930
0.02838
0.03028
0.02585
0.02727
0.02702
0.02855
0.02529
0.02996
0.02774
0.02980
0.02450
0.02648
0.03187
0.02828
0.03346
0.02587
0.02888
0.02617
0.02862
0.02146
0.03083
0.03031
0.03201
0.03019
0.02960
0.02715
0.02638
0.02293
0.03266
0.02611
0.02792
0.02691
0.03105
0.02860
0.02757
0.03079
0.02836
0.03095
0.01534
0.01388
0.01371
0.01448
0.01311
0.01469
0.01304
0.01487
0.01431
0.01339
0.01249
0.01505
-0.00208
-0.01185
0.00848
0.00828
-0.00326
0.02573
0.00787
0.01260
0.00120
0.00000
0.00000
0.00000
0.00000
0.00000
0.00000
